0,1
107
52
44
39
45
45
53
51
49
65
47
49
45
46
54
50
57
47
49
42
38
44
33
36
40
42
45
41
40
36
38
34
34
35
33
34
33
34
36
33
39
37
41
43
45
47
42
52
47
47
52
46
40
45
31
32
30
24
25
19
18
16
16
16
16
16
16
16
16
16
16
16
16
16
16
16
16
16
16
16
16
16
16
16
16
16
16
16
16
16
16
16
16
16
16
16
16
16
16
16
16
16
16
16
16
16
16
16
16
16
16
16
16
16
16
16
16
16
16
16
16
16
16
16
16
16
16
16
16
16
16
16
16
16
16
16
16
16
16
16
16
16
16
16
16
16
16
16
16
16
16
16
16
16
16
16
16
16
16
16
16
16
16
16
16
16
16
16
16
16
16
16
16
16
16
16
16
16
16
16
16
16
16
16
16
16
16
16
16
16
16
16
16
16
16
16
16
16
16
16
16
16
16
16
16
16
16
16
16
16
16
16
16
16
16
16
16
16
16
16
16
16
16
16
16
16
16
16
16
16
16
16
16
16
16
16
16
16
16
16
16
16
16
16
16
16
16
16
16
16
16
16
16
16
16
16
16
16
16
16
16
16
16
16
16
16
16
16
16
16
16
16
16
16
16
16
16
16
16
16
16
16
16
16
16
16
16
16
16
16
16
16
16
16
16
16
16
16
16
16
16
16
16
16
16
16
16
16
16
16
16
16
16
16
16
16
16
16
16
16
16
16
16
16
16
16
16
16
16
16
16
16
16
16
16
16
16
16
16
16
16
16
16
16
16
16
16
16
16
16
16
16
16
16
16
16
16
16
16
16
16
16
16
16
16
16
16
16
16
16
16
16
16
16
16
16
16
16
16
16
16
16
16
16
16
16
16
16
16
16
16
16
16
16
16
16
16
16
16
16
16
16
16
16
16
16
16
16
16
16
16
16
16
16
16
16
16
16
16
16
16
16
16
16
16
16
16
16
16
16
16
16
16
16
16
16
16
16
16
16
16
16
16
16
16
16
16
16
16
16
16
16
16
16
16
16
16
16
16
16
16
16
16
16
16
16
16
16
16
16
16
16
16
16
16
16
16
16
16
16
16
16
16
16
16
16
16
16
16
16
16
16
16
16
16
16
16
16
16
16
16
16
16
16
16
16
16
16
16
16
16
16
16
16
16
16
16
16
16
16
16
16
16
16
16
16
16
16
16
16
16
16
16
16
16
16
16
16
16
16
16
16
16
16
16
16
16
16
16
16
16
16
16
16
16
16
16
16
16
16
16
16
16
16
16
16
16
16
16
16
16
16
16
16
16
16
16
16
16
16
16
16
16
16
16
16
16
16
16
16
16
16
16
16
16
16
16
16
16
16
16
16
16
16
16
16
16
16
16
16
16
16
16
16
16
16
16
16
16
16
16
16
16
16
16
16
16
16
16
16
16
16
16
16
16
16
16
16
16
16
16
16
16
16
16
16
16
16
16
16
16
16
16
16
16
16
16
16
16
16
16
16
16
16
16
16
16
16
16
16
16
16
16
16
16
16
16
16
16
16
16
16
16
16
16
16
16
16
16
16
16
16
16
16
16
16
16
16
16
16
0,2
187
171
175
189
181
187
178
161
187
159
164
157
150
163
156
166
163
141
143
147
168
156
158
160
166
138
149
148
151
144
134
132
122
112
117
120
129
115
115
109
126
119
128
126
112
121
117
108
91
99
90
106
92
90
98
95
105
99
108
105
125
118
99
84
73
80
72
87
83
102
91
109
88
87
98
90
95
102
99
107
103
119
117
113
119
125
93
97
103
113
94
97
97
112
91
102
93
103
92
100
103
124
127
138
146
164
159
144
160
155
154
139
138
130
128
128
140
135
134
116
126
124
107
126
113
132
117
111
119
113
122
122
123
138
139
131
145
141
139
154
144
140
146
143
149
122
122
118
139
135
140
146
151
160
152
135
137
136
144
136
160
172
172
170
165
161
164
160
168
119
127
124
122
127
125
125
139
124
125
128
128
131
139
151
147
149
153
158
158
158
138
147
126
123
121
130
130
124
147
133
132
129
138
151
140
153
149
149
159
166
166
164
182
171
153
144
173
155
173
142
170
147
167
161
142
155
156
160
163
169
175
163
176
168
186
180
186
168
191
183
170
171
167
178
146
142
142
152
126
134
125
132
122
157
123
129
122
125
142
131
141
138
142
124
131
146
134
130
134
135
127
149
145
144
130
142
120
134
139
151
147
166
156
171
155
157
137
108
107
88
107
94
106
89
86
96
95
73
75
75
79
79
83
78
80
74
78
78
83
76
91
87
83
90
87
82
75
81
86
83
93
79
69
68
74
74
74
63
69
65
70
55
61
55
47
51
48
45
58
52
68
60
69
75
74
77
77
76
76
80
87
87
97
103
92
109
106
97
96
88
82
88
84
104
90
94
75
78
89
90
83
81
76
69
69
57
51
53
56
67
60
66
67
72
72
86
84
97
81
83
87
81
98
84
93
83
73
83
89
85
96
95
109
92
90
85
95
90
93
105
112
130
97
120
113
118
122
117
114
128
117
144
132
158
126
150
134
137
102
101
89
78
90
85
88
95
101
74
72
68
72
78
78
83
84
98
85
84
81
92
78
89
96
104
110
103
116
121
127
113
107
103
110
122
109
115
110
115
105
122
100
99
92
93
94
97
94
86
96
96
89
88
84
71
68
69
72
74
75
70
73
69
74
72
79
77
89
80
95
90
88
85
73
69
67
71
70
67
79
75
85
96
89
80
89
89
102
108
113
111
108
119
109
117
109
118
101
107
109
112
112
108
123
108
110
108
99
114
102
96
98
102
88
97
83
91
94
92
103
103
107
100
127
125
145
129
132
146
147
115
121
134
120
128
135
124
119
131
117
115
115
117
112
123
123
113
115
113
119
110
122
124
120
129
115
124
96
97
94
100
92
86
85
86
96
86
93
88
88
87
84
84
85
95
88
98
80
83
83
84
89
96
95
94
95
94
86
91
89
88
89
89
93
81
88
80
82
83
87
97
88
87
90
78
79
81
84
81
79
80
71
85
79
83
85
87
85
77
85
69
79
72
75
71
63
67
61
62
67
56
53
48
46
42
39
37
37
37
37
37
37
37
37
37
37
37
37
37
37
37
37
37
37
37
37
37
37
37
37
37
37
37
37
37
37
37
37
37
37
37
0,3
276
320
275
278
267
264
280
272
246
218
222
224
189
187
185
200
175
179
199
201
189
169
184
161
192
166
160
134
140
131
145
134
146
138
153
133
129
148
149
155
139
133
129
131
127
125
116
124
112
109
104
94
96
97
97
108
107
105
98
99
102
104
105
91
99
100
110
116
121
128
125
134
141
144
151
145
145
127
112
116
83
77
75
72
82
70
69
73
77
76
85
72
72
72
82
73
81
83
90
88
87
100
81
83
72
77
75
78
87
89
89
94
107
97
97
93
87
92
83
92
89
103
105
118
126
129
117
122
133
127
136
120
116
124
111
123
105
131
118
147
114
121
127
136
115
118
107
110
95
98
95
106
97
94
107
95
104
104
101
83
82
88
90
80
91
92
100
123
117
120
115
128
127
123
136
140
131
114
110
121
124
124
120
113
117
112
98
105
98
104
101
119
118
124
125
117
130
126
137
137
138
146
149
156
169
187
165
187
149
165
169
165
154
157
139
143
131
106
107
114
119
116
126
106
106
106
109
98
103
113
97
90
93
79
84
85
89
95
96
107
98
119
103
123
129
142
135
151
133
140
127
110
86
95
79
101
83
77
70
66
57
66
64
61
59
66
56
64
65
70
75
77
81
82
88
80
84
81
78
82
80
80
69
62
65
58
57
63
69
76
75
75
58
53
44
43
45
33
32
26
25
24
21
22
21
23
22
21
24
22
26
23
24
25
27
25
27
22
21
24
25
21
23
25
28
26
36
29
29
32
26
33
19
13
8
8
8
8
8
8
8
8
8
8
8
8
8
8
8
8
8
8
8
8
8
8
8
8
8
8
8
8
8
8
8
8
8
8
8
8
8
8
8
8
8
8
8
8
8
8
8
8
8
8
8
8
8
8
8
8
8
8
8
8
8
8
8
8
8
8
8
8
8
8
8
8
8
8
8
8
8
8
8
8
8
8
8
8
8
8
8
8
8
8
8
8
8
8
8
8
8
8
8
8
8
8
8
8
8
8
8
8
8
8
8
8
8
8
8
8
8
8
8
8
8
8
8
8
8
8
8
8
8
8
8
8
8
8
8
8
8
8
8
8
8
8
8
8
8
8
8
8
8
8
8
8
8
8
8
8
8
8
8
8
8
8
8
8
8
8
8
8
8
8
8
8
8
8
8
8
8
8
8
8
8
8
8
8
8
8
8
8
8
8
8
8
8
8
8
8
8
8
8
8
8
8
8
8
8
8
8
8
8
8
8
8
8
8
8
8
8
8
8
8
8
8
8
8
8
8
8
8
8
8
8
8
8
8
8
8
8
8
8
8
8
8
8
8
8
8
8
8
8
8
8
8
8
8
8
8
8
8
8
8
8
8
8
8
8
8
8
8
8
8
8
8
8
8
8
8
8
8
8
8
8
8
8
8
8
8
8
8
8
8
8
8
8
8
8
8
8
8
8
8
8
8
8
8
8
8
8
8
8
8
8
8
8
8
8
8
8
8
8
8
8
8
8
8
8
8
8
8
8
8
8
8
8
8
8
8
8
8
8
8
8
8
8
8
8
8
8
8
8
8
8
8
8
8
8
8
8
8
8
8
8
8
8
8
8
8
0,4
438
338
282
303
281
243
243
229
211
187
182
174
191
190
203
189
200
201
179
180
164
184
166
169
155
155
166
166
161
152
164
165
167
166
164
164
166
179
191
164
162
158
137
135
115
120
120
127
134
136
135
132
119
119
113
97
102
110
114
108
128
122
141
115
143
135
151
150
171
152
145
152
155
162
159
162
159
161
136
139
133
139
135
128
125
116
117
128
127
152
142
130
136
134
142
156
131
150
120
121
123
130
148
118
125
116
124
109
112
109
112
105
115
106
101
96
94
102
107
106
121
123
132
126
140
140
134
132
112
117
119
106
84
81
77
74
74
78
77
96
80
97
98
98
101
102
102
86
96
101
123
126
118
113
117
116
114
118
104
110
110
116
118
124
110
110
119
107
115
128
130
129
149
129
129
130
126
135
134
136
131
143
136
128
132
137
153
143
151
153
151
154
156
155
150
168
164
168
178
161
144
115
106
98
97
107
109
107
98
99
111
95
104
114
120
121
133
124
137
116
141
129
145
147
165
164
167
170
169
166
166
161
163
162
127
134
126
135
124
126
105
115
104
104
118
123
133
120
126
133
125
110
125
106
106
111
104
106
98
104
115
116
116
114
111
118
112
121
120
133
121
122
113
115
109
119
93
98
93
92
86
99
95
92
106
100
115
126
137
121
112
125
109
120
129
101
82
94
85
92
90
93
100
102
103
109
106
96
108
101
92
83
95
76
88
70
70
67
65
80
69
89
76
86
81
84
88
104
73
80
78
83
79
90
73
70
66
67
66
72
68
73
67
71
68
75
60
54
51
48
47
47
47
47
47
47
47
47
47
47
47
47
47
47
47
47
47
47
47
47
47
47
47
47
47
47
47
47
47
47
47
47
47
47
47
47
47
47
47
47
47
47
47
47
47
47
47
47
47
47
47
47
47
47
47
47
47
47
47
47
47
47
47
47
47
47
47
47
47
47
47
47
47
47
47
47
47
47
47
47
47
47
47
47
47
47
47
47
47
47
47
47
47
47
47
47
47
47
47
47
47
47
47
47
47
47
47
47
47
47
47
47
47
47
47
47
47
47
47
47
47
47
47
47
47
47
47
47
47
47
47
47
47
47
47
47
47
47
47
47
47
47
47
47
47
47
47
47
47
47
47
47
47
47
47
47
47
47
47
47
47
47
47
47
47
47
47
47
47
47
47
47
47
47
47
47
47
47
47
47
47
47
47
47
47
47
47
47
47
47
47
47
47
47
47
47
47
47
47
47
47
47
47
47
47
47
47
47
47
47
47
47
47
47
47
47
47
47
47
47
47
47
47
47
47
47
47
47
47
47
47
47
47
47
47
47
47
47
47
47
47
47
47
47
47
47
47
47
47
47
47
47
47
47
47
47
47
47
47
47
47
47
47
47
47
47
47
47
47
47
47
47
47
47
47
47
47
47
47
47
47
47
47
47
47
47
47
47
47
47
47
47
47
47
47
47
47
47
47
47
47
47
47
47
47
47
47
47
47
47
47
47
47
47
47
47
47
47
47
47
47
47
47
47
47
47
47
47
47
47
47
47
47
47
47
47
47
47
47
47
47
47
47
47
47
47
47
47
47
47
0,5
486
292
275
279
294
261
237
228
210
224
209
216
208
207
224
208
219
205
193
206
211
203
200
193
177
181
203
197
175
186
190
153
167
155
162
155
135
151
137
147
151
148
167
173
163
180
164
170
159
166
158
148
129
132
133
116
123
118
124
113
130
82
75
92
83
83
71
79
75
90
74
71
64
58
68
65
72
78
73
86
66
80
53
45
42
42
43
58
48
48
52
56
64
62
57
57
54
56
50
56
45
57
43
45
47
35
38
42
53
61
56
51
45
51
58
64
74
74
81
80
86
92
101
103
123
107
120
109
104
97
98
106
115
124
131
141
141
149
148
132
134
109
103
99
121
116
113
106
99
96
101
98
99
105
90
94
85
95
96
110
107
118
112
103
101
104
103
103
132
111
108
113
133
134
151
135
156
141
135
143
126
122
101
104
95
92
97
86
111
101
103
97
94
109
101
105
104
114
109
90
97
90
77
70
64
70
68
73
75
76
83
85
75
83
77
84
89
106
95
80
93
93
91
91
83
90
82
86
81
92
94
103
112
116
120
122
114
101
102
82
79
83
74
67
57
55
53
50
51
49
52
42
52
48
49
43
43
49
46
57
50
53
41
37
38
34
33
35
35
35
33
32
35
34
41
34
34
33
36
39
42
42
46
48
58
48
55
50
60
53
69
62
68
53
54
52
50
55
55
62
57
53
61
54
56
57
57
54
51
59
58
59
64
51
47
43
43
42
44
40
40
38
38
44
36
34
30
30
30
30
30
30
30
30
30
30
30
30
30
30
30
30
30
30
30
30
30
30
30
30
30
30
30
30
30
30
30
30
30
30
30
30
30
30
30
30
30
30
30
30
30
30
30
30
30
30
30
30
30
30
30
30
30
30
30
30
30
30
30
30
30
30
30
30
30
30
30
30
30
30
30
30
30
30
30
30
30
30
30
30
30
30
30
30
30
30
30
30
30
30
30
30
30
30
30
30
30
30
30
30
30
30
30
30
30
30
30
30
30
30
30
30
30
30
30
30
30
30
30
30
30
30
30
30
30
30
30
30
30
30
30
30
30
30
30
30
30
30
30
30
30
30
30
30
30
30
30
30
30
30
30
30
30
30
30
30
30
30
30
30
30
30
30
30
30
30
30
30
30
30
30
30
30
30
30
30
30
30
30
30
30
30
30
30
30
30
30
30
30
30
30
30
30
30
30
30
30
30
30
30
30
30
30
30
30
30
30
30
30
30
30
30
30
30
30
30
30
30
30
30
30
30
30
30
30
30
30
30
30
30
30
30
30
30
30
30
30
30
30
30
30
30
30
30
30
30
30
30
30
30
30
30
30
30
30
30
30
30
30
30
30
30
30
30
30
30
30
30
30
30
30
30
30
30
30
30
30
30
30
30
30
30
30
30
30
30
30
30
30
30
30
30
30
30
30
30
30
30
30
30
30
30
30
30
30
30
30
30
30
30
30
30
30
30
30
30
30
30
30
30
30
30
30
30
30
30
30
30
30
30
30
30
30
30
30
30
30
30
30
30
30
30
30
30
30
30
30
30
30
30
30
30
30
30
30
30
30
30
30
30
30
30
30
30
30
30
30
30
30
30
0,6
585
177
149
146
136
154
132
149
155
151
154
155
159
159
172
169
143
142
131
136
121
133
114
135
132
128
134
107
106
106
104
87
107
92
94
86
91
86
84
92
89
104
105
115
126
119
123
118
124
120
114
121
120
117
111
112
105
100
103
100
100
105
100
99
109
97
107
116
124
120
138
129
149
131
144
125
130
139
127
155
128
144
156
150
150
138
142
115
133
108
111
104
107
119
114
124
123
133
123
121
96
100
94
107
102
94
84
88
85
77
80
78
79
86
76
78
78
84
84
88
85
119
99
107
104
116
111
95
84
77
74
83
74
82
74
77
81
95
99
84
98
77
86
78
82
95
93
86
87
90
96
81
91
74
72
75
80
87
80
101
87
92
93
107
87
89
91
93
102
93
102
105
100
111
101
106
103
100
121
97
123
93
99
94
82
77
65
69
59
59
65
55
60
52
61
47
47
51
46
53
47
56
52
65
55
59
60
65
72
76
84
75
76
79
83
80
81
88
96
93
97
101
97
91
115
104
126
100
108
91
104
90
88
93
97
103
110
102
100
105
108
108
98
99
98
103
77
68
58
54
48
50
36
31
30
32
31
33
40
37
52
35
35
34
35
37
38
38
42
44
54
44
51
46
56
50
67
57
64
54
58
56
73
65
71
69
64
71
78
71
77
76
82
70
53
58
51
62
43
35
31
29
28
25
24
24
24
23
25
26
27
26
33
26
26
25
29
33
33
40
35
38
37
46
40
47
40
42
34
32
31
29
31
28
24
22
21
19
19
19
19
19
19
19
19
19
19
19
19
19
19
19
19
19
19
19
19
19
19
19
19
19
19
19
19
19
19
19
19
19
19
19
19
19
19
19
19
19
19
19
19
19
19
19
19
19
19
19
19
19
19
19
19
19
19
19
19
19
19
19
19
19
19
19
19
19
19
19
19
19
19
19
19
19
19
19
19
19
19
19
19
19
19
19
19
19
19
19
19
19
19
19
19
19
19
19
19
19
19
19
19
19
19
19
19
19
19
19
19
19
19
19
19
19
19
19
19
19
19
19
19
19
19
19
19
19
19
19
19
19
19
19
19
19
19
19
19
19
19
19
19
19
19
19
19
19
19
19
19
19
19
19
19
19
19
19
19
19
19
19
19
19
19
19
19
19
19
19
19
19
19
19
19
19
19
19
19
19
19
19
19
19
19
19
19
19
19
19
19
19
19
19
19
19
19
19
19
19
19
19
19
19
19
19
19
19
19
19
19
19
19
19
19
19
19
19
19
19
19
19
19
19
19
19
19
19
19
19
19
19
19
19
19
19
19
19
19
19
19
19
19
19
19
19
19
19
19
19
19
19
19
19
19
19
19
19
19
19
19
19
19
19
19
19
19
19
19
19
19
19
19
19
19
19
19
19
19
19
19
19
19
19
19
19
19
19
19
19
19
19
19
19
19
19
19
19
19
19
19
19
19
19
19
19
19
19
19
19
19
19
19
19
19
19
19
19
19
19
19
19
19
19
19
19
19
19
19
19
19
19
19
19
19
19
19
19
19
19
19
19
19
19
19
19
19
19
19
19
19
19
19
19
19
19
19
19
19
19
19
19
0,7
717
46
33
35
30
31
22
22
18
17
18
19
19
15
16
18
18
15
16
17
17
20
19
25
22
31
23
25
20
18
17
18
18
18
18
18
18
18
18
18
18
18
18
18
18
18
18
18
18
18
18
18
18
18
18
18
18
18
18
18
18
18
18
18
18
18
18
18
18
18
18
18
18
18
18
18
18
18
18
18
18
18
18
18
18
18
18
18
18
18
18
18
18
18
18
18
18
18
18
18
18
18
18
18
18
18
18
18
18
18
18
18
18
18
18
18
18
18
18
18
18
18
18
18
18
18
18
18
18
18
18
18
18
18
18
18
18
18
18
18
18
18
18
18
18
18
18
18
18
18
18
18
18
18
18
18
18
18
18
18
18
18
18
18
18
18
18
18
18
18
18
18
18
18
18
18
18
18
18
18
18
18
18
18
18
18
18
18
18
18
18
18
18
18
18
18
18
18
18
18
18
18
18
18
18
18
18
18
18
18
18
18
18
18
18
18
18
18
18
18
18
18
18
18
18
18
18
18
18
18
18
18
18
18
18
18
18
18
18
18
18
18
18
18
18
18
18
18
18
18
18
18
18
18
18
18
18
18
18
18
18
18
18
18
18
18
18
18
18
18
18
18
18
18
18
18
18
18
18
18
18
18
18
18
18
18
18
18
18
18
18
18
18
18
18
18
18
18
18
18
18
18
18
18
18
18
18
18
18
18
18
18
18
18
18
18
18
18
18
18
18
18
18
18
18
18
18
18
18
18
18
18
18
18
18
18
18
18
18
18
18
18
18
18
18
18
18
18
18
18
18
18
18
18
18
18
18
18
18
18
18
18
18
18
18
18
18
18
18
18
18
18
18
18
18
18
18
18
18
18
18
18
18
18
18
18
18
18
18
18
18
18
18
18
18
18
18
18
18
18
18
18
18
18
18
18
18
18
18
18
18
18
18
18
18
18
18
18
18
18
18
18
18
18
18
18
18
18
18
18
18
18
18
18
18
18
18
18
18
18
18
18
18
18
18
18
18
18
18
18
18
18
18
18
18
18
18
18
18
18
18
18
18
18
18
18
18
18
18
18
18
18
18
18
18
18
18
18
18
18
18
18
18
18
18
18
18
18
18
18
18
18
18
18
18
18
18
18
18
18
18
18
18
18
18
18
18
18
18
18
18
18
18
18
18
18
18
18
18
18
18
18
18
18
18
18
18
18
18
18
18
18
18
18
18
18
18
18
18
18
18
18
18
18
18
18
18
18
18
18
18
18
18
18
18
18
18
18
18
18
18
18
18
18
18
18
18
18
18
18
18
18
18
18
18
18
18
18
18
18
18
18
18
18
18
18
18
18
18
18
18
18
18
18
18
18
18
18
18
18
18
18
18
18
18
18
18
18
18
18
18
18
18
18
18
18
18
18
18
18
18
18
18
18
18
18
18
18
18
18
18
18
18
18
18
18
18
18
18
18
18
18
18
18
18
18
18
18
18
18
18
18
18
18
18
18
18
18
18
18
18
18
18
18
18
18
18
18
18
18
18
18
18
18
18
18
18
18
18
18
18
18
18
18
18
18
18
18
18
18
18
18
18
18
18
18
18
18
18
18
0,8
813
4
0
0
0
0
0
0
0
0
0
0
0
0
0
0
0
0
0
0
0
0
0
0
0
0
0
0
0
0
0
0
0
0
0
0
0
0
0
0
0
0
0
0
0
0
0
0
0
0
0
0
0
0
0
0
0
0
0
0
0
0
0
0
0
0
0
0
0
0
0
0
0
0
0
0
0
0
0
0
0
0
0
0
0
0
0
0
0
0
0
0
0
0
0
0
0
0
0
0
0
0
0
0
0
0
0
0
0
0
0
0
0
0
0
0
0
0
0
0
0
0
0
0
0
0
0
0
0
0
0
0
0
0
0
0
0
0
0
0
0
0
0
0
0
0
0
0
0
0
0
0
0
0
0
0
0
0
0
0
0
0
0
0
0
0
0
0
0
0
0
0
0
0
0
0
0
0
0
0
0
0
0
0
0
0
0
0
0
0
0
0
0
0
0
0
0
0
0
0
0
0
0
0
0
0
0
0
0
0
0
0
0
0
0
0
0
0
0
0
0
0
0
0
0
0
0
0
0
0
0
0
0
0
0
0
0
0
0
0
0
0
0
0
0
0
0
0
0
0
0
0
0
0
0
0
0
0
0
0
0
0
0
0
0
0
0
0
0
0
0
0
0
0
0
0
0
0
0
0
0
0
0
0
0
0
0
0
0
0
0
0
0
0
0
0
0
0
0
0
0
0
0
0
0
0
0
0
0
0
0
0
0
0
0
0
0
0
0
0
0
0
0
0
0
0
0
0
0
0
0
0
0
0
0
0
0
0
0
0
0
0
0
0
0
0
0
0
0
0
0
0
0
0
0
0
0
0
0
0
0
0
0
0
0
0
0
0
0
0
0
0
0
0
0
0
0
0
0
0
0
0
0
0
0
0
0
0
0
0
0
0
0
0
0
0
0
0
0
0
0
0
0
0
0
0
0
0
0
0
0
0
0
0
0
0
0
0
0
0
0
0
0
0
0
0
0
0
0
0
0
0
0
0
0
0
0
0
0
0
0
0
0
0
0
0
0
0
0
0
0
0
0
0
0
0
0
0
0
0
0
0
0
0
0
0
0
0
0
0
0
0
0
0
0
0
0
0
0
0
0
0
0
0
0
0
0
0
0
0
0
0
0
0
0
0
0
0
0
0
0
0
0
0
0
0
0
0
0
0
0
0
0
0
0
0
0
0
0
0
0
0
0
0
0
0
0
0
0
0
0
0
0
0
0
0
0
0
0
0
0
0
0
0
0
0
0
0
0
0
0
0
0
0
0
0
0
0
0
0
0
0
0
0
0
0
0
0
0
0
0
0
0
0
0
0
0
0
0
0
0
0
0
0
0
0
0
0
0
0
0
0
0
0
0
0
0
0
0
0
0
0
0
0
0
0
0
0
0
0
0
0
0
0
0
0
0
0
0
0
0
0
0
0
0
0
0
0
0
0
0
0
0
0
0
0
0
0
0
0
0
0
0
0
0
0
0
0
0
0
0
0
0
0
0
0
0
0
0
0
0
0
0
0
0
0
0
0
0
0
0
0
0
0
0
0
0
0
0
0
0
0
0
0
0
0
0
0
0
0
0
0
0
0
0
0
0
0
0
0
0,9
918
0
0
0
0
0
0
0
0
0
0
0
0
0
0
0
0
0
0
0
0
0
0
0
0
0
0
0
0
0
0
0
0
0
0
0
0
0
0
0
0
0
0
0
0
0
0
0
0
0
0
0
0
0
0
0
0
0
0
0
0
0
0
0
0
0
0
0
0
0
0
0
0
0
0
0
0
0
0
0
0
0
0
0
0
0
0
0
0
0
0
0
0
0
0
0
0
0
0
0
0
0
0
0
0
0
0
0
0
0
0
0
0
0
0
0
0
0
0
0
0
0
0
0
0
0
0
0
0
0
0
0
0
0
0
0
0
0
0
0
0
0
0
0
0
0
0
0
0
0
0
0
0
0
0
0
0
0
0
0
0
0
0
0
0
0
0
0
0
0
0
0
0
0
0
0
0
0
0
0
0
0
0
0
0
0
0
0
0
0
0
0
0
0
0
0
0
0
0
0
0
0
0
0
0
0
0
0
0
0
0
0
0
0
0
0
0
0
0
0
0
0
0
0
0
0
0
0
0
0
0
0
0
0
0
0
0
0
0
0
0
0
0
0
0
0
0
0
0
0
0
0
0
0
0
0
0
0
0
0
0
0
0
0
0
0
0
0
0
0
0
0
0
0
0
0
0
0
0
0
0
0
0
0
0
0
0
0
0
0
0
0
0
0
0
0
0
0
0
0
0
0
0
0
0
0
0
0
0
0
0
0
0
0
0
0
0
0
0
0
0
0
0
0
0
0
0
0
0
0
0
0
0
0
0
0
0
0
0
0
0
0
0
0
0
0
0
0
0
0
0
0
0
0
0
0
0
0
0
0
0
0
0
0
0
0
0
0
0
0
0
0
0
0
0
0
0
0
0
0
0
0
0
0
0
0
0
0
0
0
0
0
0
0
0
0
0
0
0
0
0
0
0
0
0
0
0
0
0
0
0
0
0
0
0
0
0
0
0
0
0
0
0
0
0
0
0
0
0
0
0
0
0
0
0
0
0
0
0
0
0
0
0
0
0
0
0
0
0
0
0
0
0
0
0
0
0
0
0
0
0
0
0
0
0
0
0
0
0
0
0
0
0
0
0
0
0
0
0
0
0
0
0
0
0
0
0
0
0
0
0
0
0
0
0
0
0
0
0
0
0
0
0
0
0
0
0
0
0
0
0
0
0
0
0
0
0
0
0
0
0
0
0
0
0
0
0
0
0
0
0
0
0
0
0
0
0
0
0
0
0
0
0
0
0
0
0
0
0
0
0
0
0
0
0
0
0
0
0
0
0
0
0
0
0
0
0
0
0
0
0
0
0
0
0
0
0
0
0
0
0
0
0
0
0
0
0
0
0
0
0
0
0
0
0
0
0
0
0
0
0
0
0
0
0
0
0
0
0
0
0
0
0
0
0
0
0
0
0
0
0
0
0
0
0
0
0
0
0
0
0
0
0
0
0
0
0
0
0
0
0
0
0
0
0
0
0
0
0
0
0
0
0
0
0
0
0
0
0
0
0
0
0
0
0
0
0
0
0
0
0
0
0
0
0
0
0
0
0
0
0
0
0
0
0
0
0
0
0
0
0
0
0
0
0
0
0
0
0
0
