00000000000000000000000000001110000000000000000000
00000000000000000000000000000000000000000000000000
00000000000000000000000000100000100000000000000000
00000000000000000000000000100000100000000000000000
00000000000000000000000000100000100000000000000000
00000000000000000000000000000000000000000001100000
00000000000000000000000000001110000000100001010000
00000000000000000000000000000000000001010000100000
00000000000000000000000000000000000000100000000000
00000000000000000000000000000000000000000000000000
00000000000000000000000000000000000000000000000000
00000000000000000000000000000000000000000000000000
00000000000000000000000000000000000000000000000000
00000000000000000000000000000000000000000000000000
00000000000000000000000000000000000000000000000000
00110000000000000000000000000000000000000000000000
00101000000000000000000000000000000000000000000000
00010100000000000000000000000000000000000000000000
00001000000000000000000000000000000000000000000000
00000000000000000000000000000000000000000000000000
419